banktags,1,pp pre check,10117,

23182,

2711,12179,23160,2719,19823,10216,10222,10232,10188,3516,10210,10212,10192,10228,10182,10206,31268,10220,10200,19831,10208,10180,29854,12170,25788,19826,3510,29853,22001,19814,3518,19833,30928,10194,19816,19822,19820,10214,10226,2712,19818,7236,23159,3496,10186,10224,23158,19825,12166,12167,12168,3495,3515,3506,3509,12174,12177,3499,3501,2679,2685,2705,23149,2692,12192,12175,12172,23151,2677,2703,3493,2680,23153,12185,2678,3504,7238,3502,2706,23154,2688,12176,3491,2690,12178,2695,25789,2704,2682,12191,2707,2709,2708,3498,2710,2700,2694,3512,2689,3492,12188,3507,3490,3505,2691,2687,23150,28913,19829,23152,3503,12189,3497,3500,3494,3508,10202,3514,2716,2701,2698,2684,2699,2681,12184,2697,12187,12186,2702,12190,2686,3513,10218,10196,12162,19817,19819,23164,12182,12181,23161,19828,23162,23163,2683,12169,19830,23165,2693,12183,2696,23166,12173,19821,23156,19824,10198,23157,23155,10230,12164,10190,2713,10184,28914,10204,

2809,3588,3590,7313,2823,2819,7309,2805,2803,23136,12035,2801,2813,12041,7317,2817,2815,7307,2825,2807,12051,12043,3584,2821,12033,3592,2811,12045,28909,12049,3582,3594,12053,12047,3586,12037,19774,7315,12039,31275,7305,23137,12057,3613,12061,19758,19760,3609,3616,7280,2851,19746,19750,28908,7290,3612,19768,10260,10274,19776,3602,7294,23133,23131,30933,23141,23142,10264,12031,10272,12025,23046,10276,19780,12027,10266,7274,10278,10254,12021,23143,19766,2845,2847,23139,2610,23140,12055,2857,7276,19772,3607,7298,2858,12071,7278,19742,19770,19756,19736,12059,3618,2837,2833,2835,2839,3604,29857,10268,12029,12069,23138,28907,7284,12065,19738,2831,3611,7286,7288,7282,31274,29858,3599,2843,19734,19752,2856,10256,7301,19762,19754,2849,19740,12063,19748,25783,30935,3605,12023,2827,7292,2855,2848,2841,3617,3615,3614,2853,10258,19744,12067,3598,3601,7296,10270,7304,7303,2829,7300,25784,3596,19764,10262,19778,

3560,3562,12554,3554,12558,19844,12562,12560,3552,3546,3548,3538,7256,30931,3550,3542,3530,7258,3540,3534,3544,3536,3532,25790,31273,7262,3526,2743,3528,7264,2745,12564,23167,19840,7266,7260,3556,2747,23168,19842,2741,2733,2735,21526,2737,2723,2731,12556,21527,23169,3558,2727,2739,2725,2729,2788,2793,2722,3564,3573,19862,19864,28915,19866,2780,7243,19894,19868,19870,19872,19886,23170,28916,7270,12544,10252,10236,10238,7268,19880,19874,12566,12550,3575,19846,2774,23175,7245,24493,19888,19876,19878,12576,19890,12568,10242,25791,19848,23180,2785,19910,2799,12578,19908,19854,12542,23181,7253,2776,19858,2786,31272,12581,23172,3568,2778,7254,3525,3524,19853,3522,7251,12548,23179,10248,19856,23177,12574,19896,3580,3574,2790,2782,2797,7272,19898,3566,10250,10240,12546,29859,7249,19892,12570,3572,25792,23178,19850,12572,10246,12552,23174,10234,3577,2792,7241,7239,23176,2796,12584,12590,26566,12587,28918,2783,7248,23045,2794,19857,19852,3570,7247,7255,19900,19882,19906,19884,3579,7252,19860,30929,3520,10244,7250,2773,19904,19902,

12157,31271,12089,12091,28912,12110,29855,12086,12111,12107,23770,12100,12098,25499,12102,12103,25498,12088,12099,25787,19813,12085,12108,12106,26944,12096,12104,23146,12090,12094,12105,12087,23148,12109,12101,12092,12095,23147,12097,12093,22000,24253,12156,19797,12151,19809,19793,19784,29856,12075,19789,12078,28910,12132,12138,12076,21524,30932,12134,12079,12158,12150,31269,12154,21525,19785,12145,19805,12141,12140,12080,19791,12155,12144,12152,12153,19804,19782,12074,12083,19792,24773,12082,19790,19798,12136,12133,19799,23144,12135,19794,23145,19787,19800,12146,19795,25786,12077,19807,12127,19788,12130,12159,12073,19806,26943,12143,19786,31270,12142,12137,12149,12148,19808,28911,12081,19796,19811,12147,19803,19801,19802,19783,12128,12139,

19835,

layout,0,24361,1,24362,2,24363,3,24364,4,24365,5,24366,6,11238,7,11240,8,23182,9,12175,10,19748,11,7270,12,19782,13,19835,14,11248,15,11250,16,23245,17,20546,18,20545,19,20544,20,20543,21,19836,22,11252,23,11254,24,19681,25,19679,26,19683,27,19685,28,30107,29,987,30,11256,31,23768,32,29482,33,12012,34,25527,35,22374,36,30105,37,985,38,25428,39,25432,40,21656,43,20754,44,30109,45,989,46,25430,47,25426,55,25424,56,32847,57,32849,58,32851,59,32853,60,32855,61,32857,62,32859,63,32861,64,32863,65,32864,66,32865,67,32866,68,32867,69,32868,70,32870,71,32869,77,32099,79,32115
